52 7
A|4|01101001111110011001
B|4|11101001111010011110
C|4|01101001100010010110
D|4|11101001100110011110
E|4|01111000111010000111
F|4|01111000111010001000
G|4|01101001100010010111
H|4|10011001111110011001
I|1|11111
J|4|11110010001010100100
K|4|10011010110010101001
L|4|10001000100010001111
M|5|1111110101101011010110101
N|4|10011101101110011001
O|4|01101001100110010110
P|4|11101001100111101000
Q|5|0110010010100101001001111
R|4|11101001111010011001
S|4|01111000011000011110
T|3|111010010010010
U|4|10011001100110010110
V|4|10011001100110100100
W|5|1000110101101011010101010
X|5|1000101010001000101010001
Y|5|1000110001111110010000100
Z|5|1111100010001000100011111
 |3|000000000000000
0|4|01101011111111010110
1|2|0111010101
2|4|11100001011010001111
3|4|11100001011000011110
4|4|00100100100111110001
5|4|11111000111100011110
6|4|01111000111110010110
7|4|11110001001001000100
8|4|01101001011010011111
9|4|11111001011100011110
!|1|11101
?|4|11110001011100000100
#|5|0101011111010101111101010
+|3|000010111010
-|3|000000111000
=|3|000111000111
/|5|0000100010001000100010000
(|3|011100100100011
)|3|110001001001110
>|3|100010001010100
<|3|001010100010001
$|4|0010011110100110000111110010
.|1|00001
,|2|000000010110
:|1|01010